  0,  3,  9,  9,  1, 10, 10, 10, 10, 10, 10, 79, 10,0.123,false
  2,  9, 10, 10,  0, 10, 10, 10, 10, 10,  1, 71, 10,0.123,false
  0,  3,  9,  9,  1, 10, 10, 10, 10, 10, 10, 79, 10,0.123,false
  0,  7,  9,  9,  9,  9,  9,  9,  1, 10, 10, 75, 10,0.123,false
  0,  7,  9,  9,  9,  9,  9,  9,  1, 10, 10, 75, 10,0.123,false
  2,  2,  0,  1, 10, 10, 10, 10,  2, 11, 11, 65, 12,0.148,false
  4,  5,  0,  1, 10, 10,  1, 11,  3, 12, 12, 60, 24,0.296,false
  0,  9,  9,  9,  9,  9,  9,  9,  9,  9,  1, 73, 10,0.123,false
  2,  3,  0,  9,  1, 10, 10, 10, 10, 10,  2, 62, 22,0.272,false
  4,  2,  0,  1,  2, 11, 11, 11, 11, 11,  3, 61, 24,0.296,false
  0,  7,  9,  9,  9,  9,  9,  9,  1, 10, 10, 75, 10,0.123,false
  0,  7,  9,  9,  9,  9,  9,  9,  1, 10, 10, 75, 10,0.123,false
  0,  7,  9,  9,  9,  9,  9,  9,  1, 10, 10, 75, 10,0.123,false
  0,  7,  9,  9,  9,  9,  9,  9,  1, 10, 10, 75, 10,0.123,false
  2,  3,  0,  9,  1, 10, 10, 10,  2, 11, 11, 64, 22,0.272,false
  4,  2,  0,  1,  2, 11, 11, 11,  3, 12, 12, 63, 24,0.296,false
  6,  8,  1,  1,  2, 11, 11, 11,  3,  1, 13, 54, 24,0.296,false
  0,  2,  9,  1, 10, 10, 10, 10, 10, 10, 10, 80, 10,0.123,false
  2,  3,  9,  1,  1, 11, 11, 11, 11, 11, 11, 77, 20,0.247,false
  4,  1,  1,  2,  2, 12, 12, 12, 12, 12, 12, 77, 20,0.247,false
  6,  2,  1,  1,  3, 12, 12, 12, 12, 12, 12, 77, 20,0.247,false
  8,  7,  1,  1,  3, 12, 12, 12,  1, 13, 13, 68, 30,0.370,false
  0,  7,  9,  9,  9,  9,  9,  9,  1, 10, 10, 75, 10,0.123,false
  0,  7,  9,  9,  9,  9,  9,  9,  1, 10, 10, 75, 10,0.123,false
  0,  7,  9,  9,  9,  9,  9,  9,  1, 10, 10, 75, 10,0.123,false
  0,  7,  9,  9,  9,  9,  9,  9,  1, 10, 10, 75, 10,0.123,false
  0,  7,  9,  9,  9,  9,  9,  9,  1, 10, 10, 75, 10,0.123,false
  2,  9, 10,  0,  9,  9,  9,  9,  1, 10,  1, 58, 10,0.123,false
  0,  7,  9,  9,  9,  9,  9,  9,  1, 10, 10, 75, 10,0.123,false
  0,  7,  9,  9,  9,  9,  9,  9,  1, 10, 10, 75, 10,0.123,false
  2,  2,  0,  1, 10, 10, 10, 10,  2, 11, 11, 65, 12,0.148,false
