  1,  1,  1, 11, 11, 11, 11,  1, 10, 10, 10, 76, 10,0.123,false
  1,  1,  1, 11, 11, 11, 11,  1, 10, 10, 10, 76, 10,0.123,false
  3,  1,  0, 11, 11, 11, 11,  1, 10, 10, 10, 75, 10,0.123,false
  5,  1,  0, 13, 12, 12,  0,  1, 10, 10, 10, 68, 10,0.123,false
  1,  1,  1, 11, 11, 11, 11, 11, 11,  1, 10, 78, 10,0.123,false
  3,  1,  1,  1, 11, 11, 11, 11, 11,  1, 10, 68, 10,0.123,false
  5,  1,  0,  1, 11, 11, 11, 11, 11,  1, 10, 67, 10,0.123,false
  1,  1,  1, 11, 11, 11, 11,  1, 10, 10, 10, 76, 10,0.123,false
  1,  1,  1, 11, 11, 11, 11,  1, 10, 10, 10, 76, 10,0.123,false
  1,  1,  1, 11, 11, 11, 11,  1, 10, 10, 10, 76, 10,0.123,false
  1,  1,  1, 11, 11, 11, 11,  1, 10, 10, 10, 76, 10,0.123,false
  3,  1,  1,  1, 11, 11, 11,  1, 10, 10, 10, 66, 10,0.123,false
  5,  1,  0,  1, 11, 11, 11,  1, 10, 10, 10, 65, 10,0.123,false
  7,  1,  0,  3, 12, 12, 12,  2, 11, 11, 11, 74, 10,0.123,false
  1,  1,  0,  9,  9,  9,  9,  9,  9,  9,  9, 72,  0,0.000,false
  3,  1,  0, 11,  0,  9,  9,  9,  9,  9,  9, 65,  0,0.000,false
  5,  1,  0, 11,  0,  9,  9,  9,  9,  9,  9, 65,  0,0.000,false
  7,  1,  0, 11,  0,  9,  9,  9,  9,  9,  9, 65,  0,0.000,false
  9,  1,  0, 13,  1, 10, 10, 10, 10, 10,  0, 64,  0,0.000,false
  1,  2, 10,  1, 11, 11, 11,  1, 10, 10, 10, 75, 10,0.123,false
  1,  2, 10,  1, 11, 11, 11,  1, 10, 10, 10, 75, 10,0.123,false
  1,  1,  1, 11, 11, 11, 11,  1, 10, 10, 10, 76, 10,0.123,false
  1,  2, 10,  1, 11, 11, 11,  1, 10, 10, 10, 75, 10,0.123,false
  3,  1,  1,  3, 13, 13, 13,  3, 12, 12, 12, 82, 10,0.123,false
  1,  2, 10,  1, 11, 11, 11,  1, 10, 10, 10, 75, 10,0.123,false
  1,  1,  1, 11, 11, 11, 11,  1, 10, 10, 10, 76, 10,0.123,false
  3,  1,  0, 11, 11, 11, 11,  1, 10, 10, 10, 75, 10,0.123,false
